asym_0
(0, 5), (1, 4), (2, 7), (3, 0), (4, 3), (5, 7), (6, 0), (7, 2), (8, 0), (9, 3), (10, 5), (11, 6), (12, 2), (13, 6), (14, 0), (15, 1), (16, 6), (17, 3), (18, 0), (19, 4), (20, 2), (21, 7), (22, 4), (23, 4), (24, 1), (25, 7), (26, 1), (27, 1), (28, 6), (29, 2), (30, 1), (31, 4), (32, 3), (33, 1), (34, 6), (35, 2), (36, 4), (37, 1), (38, 4), (39, 5), (40, 5), (41, 5), (42, 7), (43, 5), (44, 5), (45, 2), (46, 5), (47, 6), (48, 2), (49, 7), (50, 2), (51, 2), (52, 5), (53, 2), (54, 5), (55, 6), (56, 6), (57, 7), (58, 7), (59, 7), (60, 7), (61, 7), (62, 7), (63, 7)

Cost was 701064 for bipart on asym_0


asym_1
(0, 3), (1, 3), (2, 1), (3, 3), (4, 2), (5, 1), (6, 4), (7, 1), (8, 6), (9, 6), (10, 3), (11, 5), (12, 2), (13, 2), (14, 5), (15, 7), (16, 1), (17, 5), (18, 4), (19, 7), (20, 0), (21, 7), (22, 5), (23, 6), (24, 6), (25, 4), (26, 5), (27, 0), (28, 4), (29, 7), (30, 2), (31, 4), (32, 0), (33, 0), (34, 0), (35, 0), (36, 2), (37, 6), (38, 3), (39, 6), (40, 5), (41, 0), (42, 5), (43, 5), (44, 6), (45, 0), (46, 5), (47, 2), (48, 5), (49, 3), (50, 5), (51, 6), (52, 5), (53, 5), (54, 7), (55, 6), (56, 6), (57, 7), (58, 2), (59, 7), (60, 7), (61, 7), (62, 6), (63, 6)

Cost was 692861 for bipart on asym_1


asym_2
(0, 5), (1, 4), (2, 7), (3, 0), (4, 3), (5, 7), (6, 0), (7, 2), (8, 1), (9, 3), (10, 5), (11, 6), (12, 2), (13, 6), (14, 0), (15, 1), (16, 6), (17, 3), (18, 1), (19, 4), (20, 2), (21, 7), (22, 4), (23, 4), (24, 0), (25, 7), (26, 1), (27, 0), (28, 6), (29, 2), (30, 0), (31, 4), (32, 3), (33, 0), (34, 6), (35, 2), (36, 4), (37, 1), (38, 4), (39, 5), (40, 5), (41, 5), (42, 7), (43, 5), (44, 5), (45, 2), (46, 5), (47, 6), (48, 2), (49, 7), (50, 2), (51, 2), (52, 5), (53, 2), (54, 5), (55, 6), (56, 6), (57, 7), (58, 7), (59, 7), (60, 7), (61, 7), (62, 7), (63, 7)

Cost was 697833 for bipart on asym_2

asym_3
(0, 3), (1, 3), (2, 1), (3, 3), (4, 2), (5, 1), (6, 4), (7, 1), (8, 6), (9, 6), (10, 3), (11, 5), (12, 2), (13, 2), (14, 5), (15, 7), (16, 1), (17, 5), (18, 4), (19, 7), (20, 0), (21, 7), (22, 5), (23, 6), (24, 6), (25, 4), (26, 5), (27, 0), (28, 4), (29, 7), (30, 2), (31, 4), (32, 0), (33, 0), (34, 0), (35, 0), (36, 2), (37, 6), (38, 3), (39, 6), (40, 5), (41, 0), (42, 5), (43, 5), (44, 6), (45, 0), (46, 5), (47, 2), (48, 5), (49, 3), (50, 5), (51, 6), (52, 5), (53, 5), (54, 7), (55, 6), (56, 6), (57, 7), (58, 2), (59, 7), (60, 7), (61, 7), (62, 6), (63, 6)

Cost was 701890 for bipart on asym_3

asym_4
(0, 2), (1, 3), (2, 2), (3, 3), (4, 6), (5, 3), (6, 3), (7, 4), (8, 3), (9, 3), (10, 2), (11, 0), (12, 0), (13, 2), (14, 3), (15, 1), (16, 6), (17, 7), (18, 0), (19, 5), (20, 0), (21, 3), (22, 5), (23, 3), (24, 7), (25, 3), (26, 1), (27, 2), (28, 6), (29, 0), (30, 1), (31, 0), (32, 2), (33, 5), (34, 4), (35, 6), (36, 5), (37, 6), (38, 6), (39, 0), (40, 0), (41, 1), (42, 6), (43, 2), (44, 2), (45, 4), (46, 1), (47, 4), (48, 5), (49, 6), (50, 4), (51, 0), (52, 0), (53, 2), (54, 1), (55, 1), (56, 5), (57, 1), (58, 1), (59, 1), (60, 1), (61, 1), (62, 4), (63, 1)

Cost was 697772 for bipart on asym_4

asym_max
(0, 3), (1, 3), (2, 1), (3, 3), (4, 2), (5, 1), (6, 4), (7, 1), (8, 6), (9, 6), (10, 3), (11, 5), (12, 2), (13, 2), (14, 5), (15, 7), (16, 1), (17, 5), (18, 4), (19, 7), (20, 0), (21, 7), (22, 5), (23, 6), (24, 6), (25, 4), (26, 5), (27, 0), (28, 4), (29, 7), (30, 2), (31, 4), (32, 0), (33, 0), (34, 0), (35, 0), (36, 2), (37, 6), (38, 3), (39, 6), (40, 5), (41, 0), (42, 5), (43, 5), (44, 6), (45, 0), (46, 5), (47, 2), (48, 5), (49, 3), (50, 5), (51, 6), (52, 5), (53, 5), (54, 7), (55, 6), (56, 6), (57, 7), (58, 2), (59, 7), (60, 7), (61, 7), (62, 6), (63, 6)

Cost was 692295 for bipart on asym_max
